5888 9519
5888.002 9518
5888.004 9518
5888.006 9519
5888.008 9519
5888.01 9519
5888.012 9520
5888.014 9520
5888.016 9521
5888.018 9522
5888.02 9523
5888.022 9524
5888.024 9525
5888.026 9527
5888.028 9529
5888.03 9531
5888.032 9533
5888.034 9534
5888.036 9535
5888.038 9537
5888.04 9538
5888.042 9540
5888.044 9542
5888.046 9543
5888.048 9544
5888.05 9545
5888.052 9546
5888.054 9547
5888.056 9548
5888.058 9548
5888.06 9549
5888.062 9549
5888.064 9550
5888.066 9550
5888.068 9550
5888.07 9550
5888.072 9550
5888.074 9550
5888.076 9549
5888.078 9548
5888.08 9548
5888.082 9547
5888.084 9547
5888.086 9546
5888.088 9545
5888.09 9544
5888.092 9543
5888.094 9542
5888.096 9541
5888.098 9539
5888.1 9537
5888.102 9536
5888.104 9535
5888.106 9533
5888.108 9532
5888.11 9531
5888.112 9529
5888.114 9528
5888.116 9526
5888.118 9525
5888.12 9524
5888.122 9523
5888.124 9522
5888.126 9521
5888.128 9520
5888.13 9519
5888.132 9518
5888.134 9517
5888.136 9517
5888.138 9517
5888.14 9516
5888.142 9515
5888.144 9515
5888.146 9514
5888.148 9514
5888.15 9514
5888.152 9513
5888.154 9513
5888.156 9513
5888.158 9513
5888.16 9513
5888.162 9512
5888.164 9512
5888.166 9512
5888.168 9512
5888.17 9512
5888.172 9513
5888.174 9512
5888.176 9512
5888.178 9512
5888.18 9512
5888.182 9512
5888.184 9512
5888.186 9512
5888.188 9512
5888.19 9512
5888.192 9512
5888.194 9512
5888.196 9512
5888.198 9513
5888.2 9512
5888.202 9512
5888.204 9512
5888.206 9512
5888.208 9512
5888.21 9513
5888.212 9512
5888.214 9511
5888.216 9511
5888.218 9510
5888.22 9510
5888.222 9509
5888.224 9508
5888.226 9507
5888.228 9506
5888.23 9505
5888.232 9504
5888.234 9503
5888.236 9502
5888.238 9501
5888.24 9499
5888.242 9498
5888.244 9496
5888.246 9495
5888.248 9494
5888.25 9492
5888.252 9490
5888.254 9488
5888.256 9487
5888.258 9486
5888.26 9484
5888.262 9482
5888.264 9480
5888.266 9478
5888.268 9476
5888.27 9474
5888.272 9473
5888.274 9471
5888.276 9469
5888.278 9467
5888.28 9465
5888.282 9464
5888.284 9462
5888.286 9460
5888.288 9459
5888.29 9458
5888.292 9457
5888.294 9456
5888.296 9455
5888.298 9454
5888.3 9454
5888.302 9453
5888.304 9453
5888.306 9453
5888.308 9453
5888.31 9453
5888.312 9453
5888.314 9453
5888.316 9453
5888.318 9453
5888.32 9454
5888.322 9454
5888.324 9455
5888.326 9455
5888.328 9455
5888.33 9456
5888.332 9457
5888.334 9457
5888.336 9457
5888.338 9458
5888.34 9458
5888.342 9459
5888.344 9459
5888.346 9459
5888.348 9458
5888.35 9458
5888.352 9458
5888.354 9457
5888.356 9456
5888.358 9455
5888.36 9454
5888.362 9452
5888.364 9451
5888.366 9450
5888.368 9448
5888.37 9446
5888.372 9444
5888.374 9442
5888.376 9441
5888.378 9439
5888.38 9437
5888.382 9435
5888.384 9433
5888.386 9432
5888.388 9430
5888.39 9428
5888.392 9427
5888.394 9425
5888.396 9424
5888.398 9422
5888.4 9421
5888.402 9419
5888.404 9418
5888.406 9417
5888.408 9416
5888.41 9415
5888.412 9415
5888.414 9415
5888.416 9414
5888.418 9414
5888.42 9413
5888.422 9413
5888.424 9413
5888.426 9413
5888.428 9414
5888.43 9414
5888.432 9415
5888.434 9415
5888.436 9415
5888.438 9416
5888.44 9417
5888.442 9417
5888.444 9418
5888.446 9419
5888.448 9420
5888.45 9421
5888.452 9422
5888.454 9423
5888.456 9423
5888.458 9424
5888.46 9424
5888.462 9424
5888.464 9424
5888.466 9424
5888.468 9424
5888.47 9423
5888.472 9422
5888.474 9422
5888.476 9421
5888.478 9419
5888.48 9417
5888.482 9416
5888.484 9414
5888.486 9411
5888.488 9408
5888.49 9405
5888.492 9401
5888.494 9397
5888.496 9393
5888.498 9389
5888.5 9384
5888.502 9378
5888.504 9371
5888.506 9365
5888.508 9359
5888.51 9354
5888.512 9347
5888.514 9340
5888.516 9334
5888.518 9327
5888.52 9321
5888.522 9315
5888.524 9308
5888.526 9302
5888.528 9296
5888.53 9290
5888.532 9284
5888.534 9279
5888.536 9273
5888.538 9268
5888.54 9263
5888.542 9258
5888.544 9254
5888.546 9249
5888.548 9245
5888.55 9241
5888.552 9238
5888.554 9235
5888.556 9233
5888.558 9231
5888.56 9229
5888.562 9227
5888.564 9227
5888.566 9227
5888.568 9226
5888.57 9226
5888.572 9227
5888.574 9228
5888.576 9229
5888.578 9231
5888.58 9233
5888.582 9235
5888.584 9238
5888.586 9240
5888.588 9242
5888.59 9244
5888.592 9246
5888.594 9247
5888.596 9249
5888.598 9251
5888.6 9253
5888.602 9254
5888.604 9255
5888.606 9256
5888.608 9257
5888.61 9258
5888.612 9259
5888.614 9260
5888.616 9260
5888.618 9260
5888.62 9261
5888.622 9261
5888.624 9261
5888.626 9260
5888.628 9260
5888.63 9259
5888.632 9258
5888.634 9257
5888.636 9255
5888.638 9253
5888.64 9251
5888.642 9249
5888.644 9246
5888.646 9243
5888.648 9239
5888.65 9236
5888.652 9232
5888.654 9227
5888.656 9223
5888.658 9217
5888.66 9212
5888.662 9206
5888.664 9200
5888.666 9194
5888.668 9188
5888.67 9182
5888.672 9176
5888.674 9171
5888.676 9165
5888.678 9160
5888.68 9156
5888.682 9152
5888.684 9149
5888.686 9147
5888.688 9145
5888.69 9144
5888.692 9144
5888.694 9145
5888.696 9146
5888.698 9149
5888.7 9152
5888.702 9155
5888.704 9159
5888.706 9163
5888.708 9169
5888.71 9174
5888.712 9178
5888.714 9183
5888.716 9188
5888.718 9193
5888.72 9197
5888.722 9200
5888.724 9204
5888.726 9207
5888.728 9210
5888.73 9213
5888.732 9214
5888.734 9216
5888.736 9217
5888.738 9217
5888.74 9218
5888.742 9218
5888.744 9218
5888.746 9218
5888.748 9216
5888.75 9215
5888.752 9213
5888.754 9210
5888.756 9208
5888.758 9204
5888.76 9201
5888.762 9198
5888.764 9193
5888.766 9188
5888.768 9183
5888.77 9178
5888.772 9173
5888.774 9167
5888.776 9162
5888.778 9156
5888.78 9150
5888.782 9143
5888.784 9137
5888.786 9131
5888.788 9124
5888.79 9119
5888.792 9113
5888.794 9108
5888.796 9102
5888.798 9097
5888.8 9093
5888.802 9089
5888.804 9084
5888.806 9081
5888.808 9077
5888.81 9074
5888.812 9072
5888.814 9069
5888.816 9067
5888.818 9065
5888.82 9063
5888.822 9063
5888.824 9061
5888.826 9060
5888.828 9059
5888.83 9059
5888.832 9058
5888.834 9058
5888.836 9058
5888.838 9057
5888.84 9057
5888.842 9056
5888.844 9055
5888.846 9054
5888.848 9053
5888.85 9051
5888.852 9049
5888.854 9048
5888.856 9046
5888.858 9043
5888.86 9041
5888.862 9038
5888.864 9035
5888.866 9031
5888.868 9028
5888.87 9024
5888.872 9020
5888.874 9017
5888.876 9013
5888.878 9009
5888.88 9005
5888.882 9001
5888.884 8997
5888.886 8994
5888.888 8990
5888.89 8986
5888.892 8983
5888.894 8980
5888.896 8976
5888.898 8973
5888.9 8971
5888.902 8968
5888.904 8965
5888.906 8963
5888.908 8961
5888.91 8959
5888.912 8959
5888.914 8958
5888.916 8957
5888.918 8957
5888.92 8957
5888.922 8957
5888.924 8957
5888.926 8958
5888.928 8959
5888.93 8960
5888.932 8961
5888.934 8962
5888.936 8963
5888.938 8965
5888.94 8966
5888.942 8968
5888.944 8969
5888.946 8969
5888.948 8971
5888.95 8971
5888.952 8972
5888.954 8973
5888.956 8974
5888.958 8973
5888.96 8973
5888.962 8974
5888.964 8973
5888.966 8973
5888.968 8973
5888.97 8972
5888.972 8971
5888.974 8970
5888.976 8970
5888.978 8969
5888.98 8968
5888.982 8968
5888.984 8968
5888.986 8967
5888.988 8965
5888.99 8964
5888.992 8963
5888.994 8961
5888.996 8960
5888.998 8959
5889 8958
5889.002 8958
5889.004 8957
5889.006 8956
5889.008 8955
5889.01 8952
5889.012 8951
5889.014 8949
5889.016 8947
5889.018 8945
5889.02 8943
5889.022 8940
5889.024 8937
5889.026 8935
5889.028 8931
5889.03 8929
5889.032 8926
5889.034 8923
5889.036 8919
5889.038 8916
5889.04 8913
5889.042 8910
5889.044 8905
5889.046 8901
5889.048 8899
5889.05 8896
5889.052 8892
5889.054 8888
5889.056 8885
5889.058 8882
5889.06 8879
5889.062 8876
5889.064 8871
5889.066 8867
5889.068 8866
5889.07 8863
5889.072 8859
5889.074 8855
5889.076 8853
5889.078 8851
5889.08 8848
5889.082 8846
5889.084 8842
5889.086 8840
5889.088 8838
5889.09 8836
5889.092 8834
5889.094 8830
5889.096 8827
5889.098 8824
5889.1 8823
5889.102 8820
5889.104 8816
5889.106 8813
5889.108 8809
5889.11 8807
5889.112 8804
5889.114 8799
5889.116 8796
5889.118 8793
5889.12 8789
5889.122 8786
5889.124 8782
5889.126 8779
5889.128 8775
5889.13 8772
5889.132 8768
5889.134 8766
5889.136 8762
5889.138 8759
5889.14 8755
5889.142 8751
5889.144 8748
5889.146 8746
5889.148 8742
5889.15 8739
5889.152 8735
5889.154 8732
5889.156 8729
5889.158 8725
5889.16 8721
5889.162 8716
5889.164 8713
5889.166 8708
5889.168 8703
5889.17 8699
5889.172 8696
5889.174 8691
5889.176 8687
5889.178 8683
5889.18 8678
5889.182 8673
5889.184 8669
5889.186 8664
5889.188 8661
5889.19 8655
5889.192 8651
5889.194 8646
5889.196 8642
5889.198 8637
5889.2 8633
5889.202 8628
5889.204 8622
5889.206 8617
5889.208 8613
5889.21 8608
5889.212 8602
5889.214 8598
5889.216 8593
5889.218 8588
5889.22 8582
5889.222 8577
5889.224 8571
5889.226 8564
5889.228 8558
5889.23 8553
5889.232 8548
5889.234 8540
5889.236 8535
5889.238 8529
5889.24 8521
5889.242 8515
5889.244 8508
5889.246 8501
5889.248 8495
5889.25 8489
5889.252 8481
5889.254 8475
5889.256 8469
5889.258 8463
5889.26 8456
5889.262 8450
5889.264 8443
5889.266 8436
5889.268 8429
5889.27 8423
5889.272 8415
5889.274 8409
5889.276 8403
5889.278 8395
5889.28 8389
5889.282 8382
5889.284 8373
5889.286 8366
5889.288 8358
5889.29 8351
5889.292 8344
5889.294 8336
5889.296 8329
5889.298 8323
5889.3 8314
5889.302 8306
5889.304 8299
5889.306 8290
5889.308 8281
5889.31 8273
5889.312 8265
5889.314 8258
5889.316 8248
5889.318 8239
5889.32 8232
5889.322 8222
5889.324 8214
5889.326 8204
5889.328 8195
5889.33 8184
5889.332 8175
5889.334 8166
5889.336 8156
5889.338 8146
5889.34 8135
5889.342 8123
5889.344 8112
5889.346 8103
5889.348 8092
5889.35 8081
5889.352 8071
5889.354 8059
5889.356 8048
5889.358 8037
5889.36 8026
5889.362 8013
5889.364 8002
5889.366 7991
5889.368 7979
5889.37 7966
5889.372 7956
5889.374 7944
5889.376 7933
5889.378 7921
5889.38 7910
5889.382 7898
5889.384 7888
5889.386 7876
5889.388 7864
5889.39 7853
5889.392 7844
5889.394 7832
5889.396 7823
5889.398 7814
5889.4 7804
5889.402 7793
5889.404 7784
5889.406 7774
5889.408 7766
5889.41 7755
5889.412 7747
5889.414 7737
5889.416 7728
5889.418 7717
5889.42 7708
5889.422 7697
5889.424 7688
5889.426 7676
5889.428 7666
5889.43 7655
5889.432 7644
5889.434 7632
5889.436 7620
5889.438 7607
5889.44 7596
5889.442 7584
5889.444 7572
5889.446 7560
5889.448 7546
5889.45 7534
5889.452 7522
5889.454 7509
5889.456 7497
5889.458 7484
5889.46 7471
5889.462 7457
5889.464 7444
5889.466 7431
5889.468 7418
5889.47 7403
5889.472 7391
5889.474 7377
5889.476 7361
5889.478 7349
5889.48 7333
5889.482 7318
5889.484 7303
5889.486 7288
5889.488 7272
5889.49 7257
5889.492 7241
5889.494 7226
5889.496 7209
5889.498 7194
5889.5 7177
5889.502 7160
5889.504 7144
5889.506 7126
5889.508 7110
5889.51 7093
5889.512 7075
5889.514 7057
5889.516 7042
5889.518 7025
5889.52 7006
5889.522 6989
5889.524 6971
5889.526 6954
5889.528 6936
5889.53 6919
5889.532 6900
5889.534 6883
5889.536 6862
5889.538 6843
5889.54 6826
5889.542 6806
5889.544 6787
5889.546 6768
5889.548 6748
5889.55 6728
5889.552 6708
5889.554 6688
5889.556 6667
5889.558 6646
5889.56 6625
5889.562 6604
5889.564 6583
5889.566 6561
5889.568 6540
5889.57 6518
5889.572 6496
5889.574 6471
5889.576 6448
5889.578 6425
5889.58 6402
5889.582 6378
5889.584 6353
5889.586 6327
5889.588 6302
5889.59 6277
5889.592 6249
5889.594 6220
5889.596 6191
5889.598 6162
5889.6 6131
5889.602 6099
5889.604 6067
5889.606 6032
5889.608 6000
5889.61 5967
5889.612 5932
5889.614 5900
5889.616 5867
5889.618 5838
5889.62 5812
5889.622 5788
5889.624 5767
5889.626 5749
5889.628 5730
5889.63 5712
5889.632 5696
5889.634 5679
5889.636 5663
5889.638 5648
5889.64 5632
5889.642 5617
5889.644 5602
5889.646 5586
5889.648 5571
5889.65 5555
5889.652 5539
5889.654 5524
5889.656 5507
5889.658 5491
5889.66 5474
5889.662 5456
5889.664 5436
5889.666 5418
5889.668 5398
5889.67 5379
5889.672 5356
5889.674 5334
5889.676 5314
5889.678 5290
5889.68 5268
5889.682 5246
5889.684 5224
5889.686 5200
5889.688 5178
5889.69 5155
5889.692 5132
5889.694 5107
5889.696 5085
5889.698 5061
5889.7 5038
5889.702 5013
5889.704 4990
5889.706 4966
5889.708 4941
5889.71 4918
5889.712 4892
5889.714 4867
5889.716 4842
5889.718 4817
5889.72 4792
5889.722 4767
5889.724 4741
5889.726 4716
5889.728 4691
5889.73 4666
5889.732 4641
5889.734 4616
5889.736 4592
5889.738 4568
5889.74 4544
5889.742 4520
5889.744 4497
5889.746 4473
5889.748 4449
5889.75 4424
5889.752 4398
5889.754 4372
5889.756 4346
5889.758 4320
5889.76 4294
5889.762 4268
5889.764 4242
5889.766 4217
5889.768 4192
5889.77 4165
5889.772 4139
5889.774 4113
5889.776 4086
5889.778 4061
5889.78 4034
5889.782 4007
5889.784 3979
5889.786 3950
5889.788 3920
5889.79 3889
5889.792 3856
5889.794 3824
5889.796 3792
5889.798 3759
5889.8 3725
5889.802 3692
5889.804 3656
5889.806 3621
5889.808 3584
5889.81 3547
5889.812 3508
5889.814 3468
5889.816 3427
5889.818 3384
5889.82 3338
5889.822 3290
5889.824 3241
5889.826 3188
5889.828 3133
5889.83 3075
5889.832 3014
5889.834 2951
5889.836 2886
5889.838 2818
5889.84 2749
5889.842 2678
5889.844 2604
5889.846 2531
5889.848 2458
5889.85 2384
5889.852 2306
5889.854 2229
5889.856 2149
5889.858 2068
5889.86 1988
5889.862 1908
5889.864 1827
5889.866 1748
5889.868 1673
5889.87 1597
5889.872 1525
5889.874 1455
5889.876 1386
5889.878 1319
5889.88 1255
5889.882 1194
5889.884 1138
5889.886 1082
5889.888 1032
5889.89 983
5889.892 940
5889.894 902
5889.896 863
5889.898 828
5889.9 793
5889.902 762
5889.904 734
5889.906 709
5889.908 685
5889.91 667
5889.912 648
5889.914 629
5889.916 610
5889.918 593
5889.92 578
5889.922 563
5889.924 550
5889.926 538
5889.928 526
5889.93 515
5889.932 507
5889.934 500
5889.936 493
5889.938 486
5889.94 478
5889.942 473
5889.944 467
5889.946 463
5889.948 458
5889.95 456
5889.952 453
5889.954 451
5889.956 450
5889.958 450
5889.96 450
5889.962 450
5889.964 450
5889.966 451
5889.968 454
5889.97 456
5889.972 459
5889.974 462
5889.976 468
5889.978 472
5889.98 479
5889.982 485
5889.984 492
5889.986 499
5889.988 505
5889.99 511
5889.992 522
5889.994 532
5889.996 544
5889.998 555
5890 568
5890.002 582
5890.004 596
5890.006 612
5890.008 631
5890.01 649
5890.012 668
5890.014 690
5890.016 716
5890.018 743
5890.02 775
5890.022 808
5890.024 841
5890.026 879
5890.028 918
5890.03 961
5890.032 1007
5890.034 1057
5890.036 1111
5890.038 1167
5890.04 1228
5890.042 1291
5890.044 1356
5890.046 1424
5890.048 1492
5890.05 1560
5890.052 1633
5890.054 1708
5890.056 1782
5890.058 1860
5890.06 1939
5890.062 2017
5890.064 2096
5890.066 2175
5890.068 2252
5890.07 2328
5890.072 2405
5890.074 2481
5890.076 2557
5890.078 2632
5890.08 2705
5890.082 2775
5890.084 2840
5890.086 2905
5890.088 2968
5890.09 3027
5890.092 3085
5890.094 3143
5890.096 3199
5890.098 3252
5890.1 3304
5890.102 3351
5890.104 3398
5890.106 3443
5890.108 3484
5890.11 3525
5890.112 3564
5890.114 3604
5890.116 3644
5890.118 3682
5890.12 3719
5890.122 3757
5890.124 3792
5890.126 3828
5890.128 3863
5890.13 3897
5890.132 3930
5890.134 3964
5890.136 3995
5890.138 4027
5890.14 4059
5890.142 4088
5890.144 4118
5890.146 4150
5890.148 4179
5890.15 4208
5890.152 4238
5890.154 4267
5890.156 4295
5890.158 4324
5890.16 4354
5890.162 4382
5890.164 4410
5890.166 4438
5890.168 4465
5890.17 4494
5890.172 4521
5890.174 4549
5890.176 4577
5890.178 4604
5890.18 4632
5890.182 4659
5890.184 4684
5890.186 4711
5890.188 4736
5890.19 4762
5890.192 4787
5890.194 4811
5890.196 4836
5890.198 4861
5890.2 4887
5890.202 4913
5890.204 4937
5890.206 4963
5890.208 4989
5890.21 5016
5890.212 5044
5890.214 5072
5890.216 5099
5890.218 5128
5890.22 5157
5890.222 5185
5890.224 5214
5890.226 5242
5890.228 5270
5890.23 5299
5890.232 5327
5890.234 5356
5890.236 5383
5890.238 5410
5890.24 5437
5890.242 5463
5890.244 5489
5890.246 5515
5890.248 5540
5890.25 5566
5890.252 5590
5890.254 5615
5890.256 5638
5890.258 5664
5890.26 5686
5890.262 5711
5890.264 5734
5890.266 5759
5890.268 5783
5890.27 5808
5890.272 5832
5890.274 5854
5890.276 5879
5890.278 5904
5890.28 5929
5890.282 5952
5890.284 5975
5890.286 6000
5890.288 6023
5890.29 6047
5890.292 6070
5890.294 6094
5890.296 6118
5890.298 6141
5890.3 6164
5890.302 6188
5890.304 6210
5890.306 6233
5890.308 6254
5890.31 6276
5890.312 6300
5890.314 6322
5890.316 6343
5890.318 6365
5890.32 6389
5890.322 6410
5890.324 6432
5890.326 6452
5890.328 6473
5890.33 6495
5890.332 6516
5890.334 6536
5890.336 6556
5890.338 6577
5890.34 6598
5890.342 6618
5890.344 6639
5890.346 6661
5890.348 6681
5890.35 6701
5890.352 6722
5890.354 6741
5890.356 6759
5890.358 6778
5890.36 6796
5890.362 6814
5890.364 6832
5890.366 6848
5890.368 6865
5890.37 6882
5890.372 6900
5890.374 6917
5890.376 6932
5890.378 6947
5890.38 6963
5890.382 6979
5890.384 6995
5890.386 7009
5890.388 7023
5890.39 7037
5890.392 7050
5890.394 7063
5890.396 7077
5890.398 7090
5890.4 7101
5890.402 7112
5890.404 7123
5890.406 7134
5890.408 7144
5890.41 7155
5890.412 7164
5890.414 7171
5890.416 7179
5890.418 7185
5890.42 7193
5890.422 7202
5890.424 7208
5890.426 7216
5890.428 7222
5890.43 7229
5890.432 7236
5890.434 7242
5890.436 7248
5890.438 7253
5890.44 7260
5890.442 7265
5890.444 7270
5890.446 7276
5890.448 7282
5890.45 7287
5890.452 7292
5890.454 7299
5890.456 7304
5890.458 7310
5890.46 7316
5890.462 7322
5890.464 7330
5890.466 7335
5890.468 7342
5890.47 7347
5890.472 7356
5890.474 7363
5890.476 7369
5890.478 7378
5890.48 7385
5890.482 7393
5890.484 7402
5890.486 7411
5890.488 7421
5890.49 7430
5890.492 7440
5890.494 7450
5890.496 7461
5890.498 7472
5890.5 7484
5890.502 7497
5890.504 7510
5890.506 7523
5890.508 7538
5890.51 7552
5890.512 7568
5890.514 7585
5890.516 7602
5890.518 7620
5890.52 7640
5890.522 7658
5890.524 7677
5890.526 7696
5890.528 7715
5890.53 7733
5890.532 7751
5890.534 7770
5890.536 7789
5890.538 7808
5890.54 7826
5890.542 7845
5890.544 7865
5890.546 7886
5890.548 7905
5890.55 7924
5890.552 7944
5890.554 7963
5890.556 7981
5890.558 7998
5890.56 8015
5890.562 8031
5890.564 8047
5890.566 8062
5890.568 8076
5890.57 8090
5890.572 8104
5890.574 8117
5890.576 8131
5890.578 8143
5890.58 8155
5890.582 8167
5890.584 8179
5890.586 8191
5890.588 8201
5890.59 8213
5890.592 8224
5890.594 8234
5890.596 8243
5890.598 8253
5890.6 8262
5890.602 8271
5890.604 8281
5890.606 8289
5890.608 8298
5890.61 8306
5890.612 8314
5890.614 8322
5890.616 8330
5890.618 8338
5890.62 8346
5890.622 8352
5890.624 8360
5890.626 8366
5890.628 8374
5890.63 8381
5890.632 8389
5890.634 8395
5890.636 8402
5890.638 8409
5890.64 8415
5890.642 8422
5890.644 8430
5890.646 8438
5890.648 8444
5890.65 8451
5890.652 8456
5890.654 8463
5890.656 8470
5890.658 8476
5890.66 8483
5890.662 8489
5890.664 8495
5890.666 8502
5890.668 8508
5890.67 8514
5890.672 8520
5890.674 8526
5890.676 8532
5890.678 8538
5890.68 8544
5890.682 8549
5890.684 8554
5890.686 8561
5890.688 8566
5890.69 8571
5890.692 8576
5890.694 8581
5890.696 8586
5890.698 8591
5890.7 8595
5890.702 8599
5890.704 8603
5890.706 8607
5890.708 8612
5890.71 8616
5890.712 8620
5890.714 8627
5890.716 8630
5890.718 8634
5890.72 8640
5890.722 8644
5890.724 8649
5890.726 8654
5890.728 8658
5890.73 8664
5890.732 8668
5890.734 8672
5890.736 8678
5890.738 8683
5890.74 8688
5890.742 8694
5890.744 8699
5890.746 8704
5890.748 8710
5890.75 8714
5890.752 8719
5890.754 8725
5890.756 8729
5890.758 8734
5890.76 8739
5890.762 8742
5890.764 8746
5890.766 8752
5890.768 8756
5890.77 8760
5890.772 8765
5890.774 8770
5890.776 8774
5890.778 8779
5890.78 8782
5890.782 8786
5890.784 8791
5890.786 8795
5890.788 8799
5890.79 8805
5890.792 8809
5890.794 8813
5890.796 8816
5890.798 8820
5890.8 8825
5890.802 8829
5890.804 8833
5890.806 8836
5890.808 8840
5890.81 8844
5890.812 8847
5890.814 8851
5890.816 8855
5890.818 8858
5890.82 8862
5890.822 8867
5890.824 8870
5890.826 8873
5890.828 8877
5890.83 8881
5890.832 8884
5890.834 8888
5890.836 8891
5890.838 8894
5890.84 8898
5890.842 8901
5890.844 8904
5890.846 8906
5890.848 8910
5890.85 8913
5890.852 8916
5890.854 8919
5890.856 8922
5890.858 8925
5890.86 8928
5890.862 8930
5890.864 8933
5890.866 8935
5890.868 8938
5890.87 8941
5890.872 8944
5890.874 8946
5890.876 8948
5890.878 8951
5890.88 8953
5890.882 8955
5890.884 8958
5890.886 8961
5890.888 8962
5890.89 8964
5890.892 8967
5890.894 8970
5890.896 8973
5890.898 8974
5890.9 8976
5890.902 8979
5890.904 8981
5890.906 8983
5890.908 8985
5890.91 8987
5890.912 8989
5890.914 8992
5890.916 8995
5890.918 8996
5890.92 8997
5890.922 8998
5890.924 9001
5890.926 9003
5890.928 9005
5890.93 9006
5890.932 9009
5890.934 9010
5890.936 9011
5890.938 9011
5890.94 9013
5890.942 9014
5890.944 9015
5890.946 9015
5890.948 9017
5890.95 9018
5890.952 9019
5890.954 9021
5890.956 9022
5890.958 9023
5890.96 9025
5890.962 9027
5890.964 9028
5890.966 9029
5890.968 9031
5890.97 9033
5890.972 9036
5890.974 9037
5890.976 9039
5890.978 9042
5890.98 9045
5890.982 9046
5890.984 9049
5890.986 9051
5890.988 9054
5890.99 9056
5890.992 9057
5890.994 9059
5890.996 9058
5890.998 9059
5891 9061
5891.002 9064
5891.004 9067
5891.006 9070
5891.008 9072
5891.01 9074
5891.012 9076
5891.014 9078
5891.016 9079
5891.018 9081
5891.02 9083
5891.022 9085
5891.024 9086
5891.026 9087
5891.028 9089
5891.03 9090
5891.032 9091
5891.034 9092
5891.036 9093
5891.038 9094
5891.04 9095
5891.042 9096
5891.044 9097
5891.046 9098
5891.048 9099
5891.05 9101
5891.052 9102
5891.054 9103
5891.056 9104
5891.058 9105
5891.06 9105
5891.062 9105
5891.064 9105
5891.066 9103
5891.068 9102
5891.07 9100
5891.072 9097
5891.074 9095
5891.076 9090
5891.078 9085
5891.08 9080
5891.082 9073
5891.084 9066
5891.086 9058
5891.088 9048
5891.09 9038
5891.092 9027
5891.094 9014
5891.096 9001
5891.098 8986
5891.1 8972
5891.102 8957
5891.104 8942
5891.106 8925
5891.108 8906
5891.11 8884
5891.112 8859
5891.114 8831
5891.116 8801
5891.118 8767
5891.12 8731
5891.122 8693
5891.124 8652
5891.126 8607
5891.128 8560
5891.13 8512
5891.132 8462
5891.134 8413
5891.136 8363
5891.138 8313
5891.14 8264
5891.142 8214
5891.144 8163
5891.146 8112
5891.148 8062
5891.15 8016
5891.152 7973
5891.154 7933
5891.156 7892
5891.158 7853
5891.16 7815
5891.162 7780
5891.164 7748
5891.166 7721
5891.168 7697
5891.17 7677
5891.172 7662
5891.174 7650
5891.176 7643
5891.178 7642
5891.18 7648
5891.182 7658
5891.184 7674
5891.186 7694
5891.188 7718
5891.19 7746
5891.192 7779
5891.194 7818
5891.196 7861
5891.198 7906
5891.2 7952
5891.202 7998
5891.204 8045
5891.206 8094
5891.208 8145
5891.21 8196
5891.212 8247
5891.214 8299
5891.216 8350
5891.218 8402
5891.22 8452
5891.222 8499
5891.224 8544
5891.226 8585
5891.228 8623
5891.23 8659
5891.232 8694
5891.234 8727
5891.236 8759
5891.238 8789
5891.24 8818
5891.242 8846
5891.244 8872
5891.246 8895
5891.248 8918
5891.25 8938
5891.252 8956
5891.254 8974
5891.256 8991
5891.258 9006
5891.26 9020
5891.262 9034
5891.264 9047
5891.266 9058
5891.268 9069
5891.27 9080
5891.272 9091
5891.274 9100
5891.276 9109
5891.278 9117
5891.28 9124
5891.282 9132
5891.284 9139
5891.286 9146
5891.288 9153
5891.29 9160
5891.292 9166
5891.294 9172
5891.296 9177
5891.298 9183
5891.3 9189
5891.302 9194
5891.304 9199
5891.306 9204
5891.308 9209
5891.31 9214
5891.312 9218
5891.314 9222
5891.316 9227
5891.318 9231
5891.32 9235
5891.322 9239
5891.324 9243
5891.326 9247
5891.328 9251
5891.33 9254
5891.332 9257
5891.334 9261
5891.336 9264
5891.338 9268
5891.34 9271
5891.342 9274
5891.344 9278
5891.346 9281
5891.348 9284
5891.35 9287
5891.352 9290
5891.354 9293
5891.356 9296
5891.358 9299
5891.36 9302
5891.362 9304
5891.364 9307
5891.366 9310
5891.368 9312
5891.37 9314
5891.372 9316
5891.374 9318
5891.376 9320
5891.378 9323
5891.38 9325
5891.382 9327
5891.384 9328
5891.386 9330
5891.388 9332
5891.39 9334
5891.392 9336
5891.394 9337
5891.396 9339
5891.398 9340
5891.4 9341
5891.402 9343
5891.404 9344
5891.406 9345
5891.408 9346
5891.41 9347
5891.412 9347
5891.414 9348
5891.416 9349
5891.418 9349
5891.42 9349
5891.422 9349
5891.424 9350
5891.426 9350
5891.428 9350
5891.43 9349
5891.432 9349
5891.434 9349
5891.436 9348
5891.438 9345
5891.44 9344
5891.442 9342
5891.444 9341
5891.446 9339
5891.448 9337
5891.45 9334
5891.452 9331
5891.454 9328
5891.456 9325
5891.458 9322
5891.46 9318
5891.462 9315
5891.464 9311
5891.466 9307
5891.468 9304
5891.47 9300
5891.472 9297
5891.474 9294
5891.476 9291
5891.478 9289
5891.48 9287
5891.482 9285
5891.484 9284
5891.486 9283
5891.488 9283
5891.49 9283
5891.492 9284
5891.494 9285
5891.496 9287
5891.498 9289
5891.5 9292
5891.502 9295
5891.504 9298
5891.506 9302
5891.508 9306
5891.51 9310
5891.512 9315
5891.514 9318
5891.516 9322
5891.518 9327
5891.52 9332
5891.522 9336
5891.524 9340
5891.526 9345
5891.528 9349
5891.53 9353
5891.532 9357
5891.534 9360
5891.536 9363
5891.538 9367
5891.54 9370
5891.542 9373
5891.544 9376
5891.546 9379
5891.548 9380
5891.55 9382
5891.552 9384
5891.554 9386
5891.556 9387
5891.558 9389
5891.56 9390
5891.562 9391
5891.564 9391
5891.566 9392
5891.568 9392
5891.57 9392
5891.572 9391
5891.574 9390
5891.576 9389
5891.578 9387
5891.58 9385
5891.582 9382
5891.584 9380
5891.586 9376
5891.588 9371
5891.59 9366
5891.592 9360
5891.594 9354
5891.596 9347
5891.598 9339
5891.6 9330
5891.602 9321
5891.604 9313
5891.606 9304
5891.608 9292
5891.61 9280
5891.612 9266
5891.614 9253
5891.616 9238
5891.618 9223
5891.62 9205
5891.622 9186
5891.624 9166
5891.626 9145
5891.628 9122
5891.63 9101
5891.632 9079
5891.634 9053
5891.636 9031
5891.638 9017
5891.64 9011
5891.642 9005
5891.644 9005
5891.646 9014
5891.648 9030
5891.65 9045
5891.652 9061
5891.654 9079
5891.656 9101
5891.658 9129
5891.66 9153
5891.662 9176
5891.664 9198
5891.666 9218
5891.668 9238
5891.67 9256
5891.672 9271
5891.674 9286
5891.676 9299
5891.678 9311
5891.68 9322
5891.682 9333
5891.684 9344
5891.686 9354
5891.688 9361
5891.69 9366
5891.692 9372
5891.694 9380
5891.696 9386
5891.698 9392
5891.7 9396
5891.702 9400
5891.704 9404
5891.706 9407
5891.708 9411
5891.71 9413
5891.712 9415
5891.714 9417
5891.716 9418
5891.718 9420
5891.72 9421
5891.722 9422
5891.724 9423
5891.726 9423
5891.728 9424
5891.73 9425
5891.732 9425
5891.734 9426
5891.736 9426
5891.738 9426
5891.74 9426
5891.742 9426
5891.744 9426
5891.746 9425
5891.748 9425
5891.75 9425
5891.752 9424
5891.754 9424
5891.756 9424
5891.758 9422
5891.76 9421
5891.762 9420
5891.764 9420
5891.766 9419
5891.768 9419
5891.77 9419
5891.772 9418
5891.774 9417
5891.776 9416
5891.778 9416
5891.78 9416
5891.782 9415
5891.784 9414
5891.786 9413
5891.788 9412
5891.79 9411
5891.792 9410
5891.794 9408
5891.796 9406
5891.798 9404
5891.8 9402
5891.802 9399
5891.804 9396
5891.806 9393
5891.808 9390
5891.81 9386
5891.812 9381
5891.814 9376
5891.816 9370
5891.818 9364
5891.82 9357
5891.822 9351
5891.824 9344
5891.826 9336
5891.828 9329
5891.83 9321
5891.832 9312
5891.834 9303
5891.836 9294
5891.838 9285
5891.84 9275
5891.842 9266
5891.844 9257
5891.846 9248
5891.848 9238
5891.85 9229
5891.852 9219
5891.854 9211
5891.856 9203
5891.858 9196
5891.86 9190
5891.862 9185
5891.864 9181
5891.866 9177
5891.868 9174
5891.87 9173
5891.872 9172
5891.874 9172
5891.876 9174
5891.878 9176
5891.88 9179
5891.882 9183
5891.884 9189
5891.886 9194
5891.888 9201
5891.89 9208
5891.892 9217
5891.894 9225
5891.896 9235
5891.898 9245
5891.9 9255
5891.902 9266
5891.904 9277
5891.906 9287
5891.908 9298
5891.91 9309
5891.912 9320
5891.914 9331
5891.916 9342
5891.918 9353
5891.92 9363
5891.922 9373
5891.924 9384
5891.926 9394
5891.928 9404
5891.93 9412
5891.932 9421
5891.934 9430
5891.936 9437
5891.938 9444
5891.94 9452
5891.942 9459
5891.944 9466
5891.946 9472
5891.948 9478
5891.95 9484
5891.952 9490
5891.954 9494
5891.956 9499
5891.958 9504
5891.96 9507
5891.962 9512
5891.964 9515
5891.966 9518
5891.968 9521
5891.97 9524
5891.972 9527
5891.974 9530
5891.976 9532
5891.978 9533
5891.98 9535
5891.982 9537
5891.984 9538
5891.986 9539
5891.988 9540
5891.99 9541
5891.992 9542
5891.994 9543
5891.996 9544
5891.998 9545
5892 9545
5892.002 9546
5892.004 9546
5892.006 9547
5892.008 9548
5892.01 9549
5892.012 9550
5892.014 9550
5892.016 9551
5892.018 9552
5892.02 9553
5892.022 9554
5892.024 9555
5892.026 9555
5892.028 9556
5892.03 9556
5892.032 9557
5892.034 9558
5892.036 9558
5892.038 9559
5892.04 9560
5892.042 9560
5892.044 9560
5892.046 9561
5892.048 9561
5892.05 9562
5892.052 9563
5892.054 9563
5892.056 9564
5892.058 9564
5892.06 9565
5892.062 9565
5892.064 9566
5892.066 9566
5892.068 9567
5892.07 9567
5892.072 9568
5892.074 9569
5892.076 9569
5892.078 9570
5892.08 9571
5892.082 9571
5892.084 9571
5892.086 9571
5892.088 9572
5892.09 9573
5892.092 9573
5892.094 9574
5892.096 9575
5892.098 9575
5892.1 9576
5892.102 9577
5892.104 9578
5892.106 9578
5892.108 9579
5892.11 9580
5892.112 9580
5892.114 9581
5892.116 9581
5892.118 9582
5892.12 9582
5892.122 9583
5892.124 9583
5892.126 9584
5892.128 9584
5892.13 9584
5892.132 9584
5892.134 9584
5892.136 9584
5892.138 9584
5892.14 9583
5892.142 9583
5892.144 9582
5892.146 9581
5892.148 9580
5892.15 9579
5892.152 9578
5892.154 9578
5892.156 9577
5892.158 9575
5892.16 9574
5892.162 9573
5892.164 9572
5892.166 9569
5892.168 9568
5892.17 9567
5892.172 9566
5892.174 9564
5892.176 9564
5892.178 9563
5892.18 9562
5892.182 9561
5892.184 9560
5892.186 9559
5892.188 9558
5892.19 9557
5892.192 9556
5892.194 9555
5892.196 9554
5892.198 9554
5892.2 9553
5892.202 9552
5892.204 9551
5892.206 9550
5892.208 9549
5892.21 9549
5892.212 9548
5892.214 9547
5892.216 9547
5892.218 9546
5892.22 9545
5892.222 9545
5892.224 9545
5892.226 9544
5892.228 9544
5892.23 9544
5892.232 9544
5892.234 9544
5892.236 9544
5892.238 9544
5892.24 9544
5892.242 9544
5892.244 9543
5892.246 9543
5892.248 9543
5892.25 9543
5892.252 9543
5892.254 9543
5892.256 9543
5892.258 9543
5892.26 9543
5892.262 9542
5892.264 9542
5892.266 9542
5892.268 9541
5892.27 9541
5892.272 9540
5892.274 9539
5892.276 9538
5892.278 9536
5892.28 9535
5892.282 9532
5892.284 9530
5892.286 9528
5892.288 9525
5892.29 9522
5892.292 9519
5892.294 9515
5892.296 9511
5892.298 9507
5892.3 9503
5892.302 9498
5892.304 9493
5892.306 9488
5892.308 9483
5892.31 9478
5892.312 9472
5892.314 9467
5892.316 9461
5892.318 9455
5892.32 9449
5892.322 9443
5892.324 9436
5892.326 9430
5892.328 9422
5892.33 9414
5892.332 9407
5892.334 9398
5892.336 9389
5892.338 9380
5892.34 9370
5892.342 9361
5892.344 9351
5892.346 9340
5892.348 9329
5892.35 9317
5892.352 9304
5892.354 9292
5892.356 9279
5892.358 9266
5892.36 9252
5892.362 9239
5892.364 9227
5892.366 9215
5892.368 9202
5892.37 9188
5892.372 9176
5892.374 9165
5892.376 9157
5892.378 9151
5892.38 9149
5892.382 9150
5892.384 9154
5892.386 9159
5892.388 9167
5892.39 9175
5892.392 9184
5892.394 9193
5892.396 9202
5892.398 9210
5892.4 9217
5892.402 9225
5892.404 9232
5892.406 9238
5892.408 9244
5892.41 9249
5892.412 9253
5892.414 9256
5892.416 9259
5892.418 9262
5892.42 9263
5892.422 9262
5892.424 9261
5892.426 9260
5892.428 9257
5892.43 9254
5892.432 9250
5892.434 9245
5892.436 9240
5892.438 9235
5892.44 9230
5892.442 9225
5892.444 9220
5892.446 9216
5892.448 9211
5892.45 9207
5892.452 9204
5892.454 9201
5892.456 9199
5892.458 9196
5892.46 9196
5892.462 9196
5892.464 9197
5892.466 9198
5892.468 9201
5892.47 9204
5892.472 9209
5892.474 9214
5892.476 9219
5892.478 9225
5892.48 9230
5892.482 9237
5892.484 9246
5892.486 9256
5892.488 9267
5892.49 9277
5892.492 9289
5892.494 9300
5892.496 9312
5892.498 9325
5892.5 9337
5892.502 9349
5892.504 9361
5892.506 9373
5892.508 9385
5892.51 9397
5892.512 9407
5892.514 9417
5892.516 9427
5892.518 9437
5892.52 9445
5892.522 9454
5892.524 9462
5892.526 9469
5892.528 9476
5892.53 9482
5892.532 9487
5892.534 9493
5892.536 9498
5892.538 9503
5892.54 9507
5892.542 9511
5892.544 9514
5892.546 9517
5892.548 9520
5892.55 9522
5892.552 9524
5892.554 9526
5892.556 9527
5892.558 9528
5892.56 9529
5892.562 9530
5892.564 9529
5892.566 9529
5892.568 9529
5892.57 9528
5892.572 9526
5892.574 9525
5892.576 9523
5892.578 9520
5892.58 9517
5892.582 9514
5892.584 9511
5892.586 9507
5892.588 9503
5892.59 9498
5892.592 9492
5892.594 9485
5892.596 9478
5892.598 9471
5892.6 9462
5892.602 9452
5892.604 9442
5892.606 9431
5892.608 9420
5892.61 9408
5892.612 9395
5892.614 9381
5892.616 9365
5892.618 9348
5892.62 9330
5892.622 9311
5892.624 9292
5892.626 9269
5892.628 9243
5892.63 9214
5892.632 9184
5892.634 9152
5892.636 9116
5892.638 9079
5892.64 9040
5892.642 8999
5892.644 8955
5892.646 8909
5892.648 8861
5892.65 8810
5892.652 8758
5892.654 8705
5892.656 8650
5892.658 8593
5892.66 8536
5892.662 8479
5892.664 8420
5892.666 8361
5892.668 8303
5892.67 8248
5892.672 8195
5892.674 8145
5892.676 8097
5892.678 8052
5892.68 8009
5892.682 7970
5892.684 7934
5892.686 7901
5892.688 7872
5892.69 7848
5892.692 7828
5892.694 7813
5892.696 7805
5892.698 7799
5892.7 7797
5892.702 7796
5892.704 7799
5892.706 7804
5892.708 7813
5892.71 7826
5892.712 7843
5892.714 7860
5892.716 7880
5892.718 7900
5892.72 7922
5892.722 7946
5892.724 7969
5892.726 7991
5892.728 8012
5892.73 8033
5892.732 8053
5892.734 8072
5892.736 8090
5892.738 8108
5892.74 8126
5892.742 8144
5892.744 8162
5892.746 8179
5892.748 8195
5892.75 8211
5892.752 8225
5892.754 8238
5892.756 8249
5892.758 8260
5892.76 8269
5892.762 8276
5892.764 8280
5892.766 8281
5892.768 8279
5892.77 8273
5892.772 8265
5892.774 8251
5892.776 8234
5892.778 8214
5892.78 8188
5892.782 8156
5892.784 8121
5892.786 8080
5892.788 8032
5892.79 7979
5892.792 7920
5892.794 7853
5892.796 7782
5892.798 7707
5892.8 7627
5892.802 7541
5892.804 7451
5892.806 7354
5892.808 7250
5892.81 7141
5892.812 7026
5892.814 6908
5892.816 6788
5892.818 6665
5892.82 6539
5892.822 6412
5892.824 6282
5892.826 6149
5892.828 6016
5892.83 5885
5892.832 5754
5892.834 5620
5892.836 5487
5892.838 5354
5892.84 5222
5892.842 5095
5892.844 4972
5892.846 4855
5892.848 4743
5892.85 4634
5892.852 4529
5892.854 4431
5892.856 4337
5892.858 4251
5892.86 4172
5892.862 4097
5892.864 4028
5892.866 3966
5892.868 3913
5892.87 3867
5892.872 3833
5892.874 3809
5892.876 3791
5892.878 3782
5892.88 3783
5892.882 3794
5892.884 3813
5892.886 3843
5892.888 3885
5892.89 3938
5892.892 4004
5892.894 4082
5892.896 4168
5892.898 4268
5892.9 4385
5892.902 4513
5892.904 4653
5892.906 4807
5892.908 4969
5892.91 5136
5892.912 5310
5892.914 5489
5892.916 5670
5892.918 5855
5892.92 6042
5892.922 6226
5892.924 6408
5892.926 6587
5892.928 6762
5892.93 6933
5892.932 7100
5892.934 7263
5892.936 7418
5892.938 7559
5892.94 7691
5892.942 7817
5892.944 7940
5892.946 8058
5892.948 8168
5892.95 8269
5892.952 8359
5892.954 8448
5892.956 8533
5892.958 8609
5892.96 8678
5892.962 8740
5892.964 8796
5892.966 8849
5892.968 8899
5892.97 8945
5892.972 8988
5892.974 9028
5892.976 9065
5892.978 9099
5892.98 9130
5892.982 9161
5892.984 9189
5892.986 9213
5892.988 9234
5892.99 9253
5892.992 9268
5892.994 9282
5892.996 9295
5892.998 9305
5893 9314
5893.002 9321
5893.004 9323
5893.006 9327
5893.008 9332
5893.01 9336
5893.012 9338
5893.014 9341
5893.016 9342
5893.018 9342
5893.02 9343
5893.022 9344
5893.024 9345
5893.026 9346
5893.028 9348
5893.03 9349
5893.032 9352
5893.034 9356
5893.036 9362
5893.038 9369
5893.04 9379
5893.042 9390
5893.044 9398
5893.046 9407
5893.048 9416
5893.05 9425
5893.052 9433
5893.054 9442
5893.056 9450
5893.058 9457
5893.06 9464
5893.062 9472
5893.064 9479
5893.066 9485
5893.068 9492
5893.07 9498
5893.072 9503
5893.074 9508
5893.076 9513
5893.078 9517
5893.08 9521
5893.082 9525
5893.084 9529
5893.086 9531
5893.088 9534
5893.09 9537
5893.092 9539
5893.094 9542
5893.096 9545
5893.098 9547
5893.1 9548
5893.102 9550
5893.104 9552
5893.106 9553
5893.108 9554
5893.11 9555
5893.112 9557
5893.114 9558
5893.116 9559
5893.118 9560
5893.12 9560
5893.122 9561
5893.124 9561
5893.126 9562
5893.128 9563
5893.13 9563
5893.132 9563
5893.134 9563
5893.136 9563
5893.138 9562
5893.14 9562
5893.142 9561
5893.144 9560
5893.146 9559
5893.148 9558
5893.15 9555
5893.152 9553
5893.154 9551
5893.156 9549
5893.158 9546
5893.16 9543
5893.162 9540
5893.164 9537
5893.166 9534
5893.168 9530
5893.17 9525
5893.172 9521
5893.174 9516
5893.176 9512
5893.178 9507
5893.18 9501
5893.182 9495
5893.184 9488
5893.186 9481
5893.188 9474
5893.19 9467
5893.192 9460
5893.194 9452
5893.196 9444
5893.198 9436
5893.2 9428
5893.202 9420
5893.204 9412
5893.206 9404
5893.208 9396
5893.21 9389
5893.212 9382
5893.214 9374
5893.216 9367
5893.218 9361
5893.22 9356
5893.222 9351
5893.224 9346
5893.226 9343
5893.228 9340
5893.23 9337
5893.232 9336
5893.234 9336
5893.236 9336
5893.238 9337
5893.24 9338
5893.242 9340
5893.244 9344
5893.246 9348
5893.248 9352
5893.25 9357
5893.252 9363
5893.254 9369
5893.256 9377
5893.258 9385
5893.26 9393
5893.262 9401
5893.264 9408
5893.266 9415
5893.268 9423
5893.27 9430
5893.272 9437
5893.274 9444
5893.276 9451
5893.278 9458
5893.28 9465
5893.282 9472
5893.284 9478
5893.286 9485
5893.288 9490
5893.29 9496
5893.292 9501
5893.294 9506
5893.296 9510
5893.298 9515
5893.3 9519
5893.302 9523
5893.304 9526
5893.306 9530
5893.308 9533
5893.31 9535
5893.312 9537
5893.314 9539
5893.316 9541
5893.318 9543
5893.32 9544
5893.322 9545
5893.324 9546
5893.326 9547
5893.328 9548
5893.33 9549
5893.332 9549
5893.334 9550
5893.336 9550
5893.338 9551
5893.34 9551
5893.342 9552
5893.344 9553
5893.346 9553
5893.348 9553
5893.35 9553
5893.352 9554
5893.354 9554
5893.356 9555
5893.358 9555
5893.36 9556
5893.362 9557
5893.364 9558
5893.366 9559
5893.368 9559
5893.37 9560
5893.372 9561
5893.374 9562
5893.376 9562
5893.378 9562
5893.38 9563
5893.382 9564
5893.384 9565
5893.386 9566
5893.388 9567
5893.39 9568
5893.392 9569
5893.394 9570
5893.396 9571
5893.398 9572
5893.4 9573
5893.402 9574
5893.404 9575
5893.406 9576
5893.408 9577
5893.41 9578
5893.412 9578
5893.414 9579
5893.416 9579
5893.418 9580
5893.42 9581
5893.422 9582
5893.424 9583
5893.426 9584
5893.428 9585
5893.43 9584
5893.432 9584
5893.434 9584
5893.436 9583
5893.438 9583
5893.44 9582
5893.442 9580
5893.444 9578
5893.446 9576
5893.448 9573
5893.45 9571
5893.452 9568
5893.454 9564
5893.456 9560
5893.458 9555
5893.46 9550
5893.462 9545
5893.464 9539
5893.466 9533
5893.468 9528
5893.47 9522
5893.472 9516
5893.474 9509
5893.476 9503
5893.478 9497
5893.48 9492
5893.482 9487
5893.484 9483
5893.486 9480
5893.488 9476
5893.49 9473
5893.492 9471
5893.494 9470
5893.496 9470
5893.498 9470
5893.5 9470
5893.502 9471
5893.504 9473
5893.506 9476
5893.508 9479
5893.51 9482
5893.512 9486
5893.514 9490
5893.516 9493
5893.518 9498
5893.52 9502
5893.522 9507
5893.524 9511
5893.526 9515
5893.528 9519
5893.53 9523
5893.532 9526
5893.534 9530
5893.536 9534
5893.538 9538
5893.54 9541
5893.542 9545
5893.544 9547
5893.546 9550
5893.548 9552
5893.55 9554
5893.552 9557
5893.554 9559
5893.556 9561
5893.558 9563
5893.56 9564
5893.562 9566
5893.564 9567
5893.566 9567
5893.568 9569
5893.57 9570
5893.572 9571
5893.574 9571
5893.576 9571
5893.578 9572
5893.58 9572
5893.582 9573
5893.584 9573
5893.586 9573
5893.588 9573
5893.59 9574
5893.592 9573
5893.594 9573
5893.596 9573
5893.598 9572
5893.6 9572
5893.602 9571
5893.604 9570
5893.606 9569
5893.608 9568
5893.61 9568
5893.612 9567
5893.614 9566
5893.616 9565
5893.618 9564
5893.62 9563
5893.622 9562
5893.624 9561
5893.626 9560
5893.628 9559
5893.63 9558
5893.632 9558
5893.634 9557
5893.636 9557
5893.638 9556
5893.64 9556
5893.642 9555
5893.644 9555
5893.646 9555
5893.648 9554
5893.65 9554
5893.652 9554
5893.654 9554
5893.656 9554
5893.658 9554
5893.66 9554
5893.662 9555
5893.664 9555
5893.666 9555
5893.668 9556
5893.67 9557
5893.672 9558
5893.674 9558
5893.676 9559
5893.678 9560
5893.68 9560
5893.682 9561
5893.684 9562
5893.686 9563
5893.688 9564
5893.69 9565
5893.692 9566
5893.694 9567
5893.696 9569
5893.698 9570
5893.7 9571
5893.702 9572
5893.704 9573
5893.706 9574
5893.708 9575
5893.71 9576
5893.712 9578
5893.714 9579
5893.716 9579
5893.718 9580
5893.72 9581
5893.722 9582
5893.724 9584
5893.726 9585
5893.728 9586
5893.73 9587
5893.732 9587
5893.734 9588
5893.736 9588
5893.738 9589
5893.74 9589
5893.742 9590
5893.744 9590
5893.746 9590
5893.748 9590
5893.75 9590
5893.752 9590
5893.754 9590
5893.756 9590
5893.758 9589
5893.76 9589
5893.762 9589
5893.764 9588
5893.766 9587
5893.768 9586
5893.77 9585
5893.772 9584
5893.774 9583
5893.776 9582
5893.778 9581
5893.78 9580
5893.782 9578
5893.784 9577
5893.786 9576
5893.788 9575
5893.79 9573
5893.792 9572
5893.794 9570
5893.796 9568
5893.798 9567
5893.8 9565
5893.802 9563
5893.804 9562
5893.806 9560
5893.808 9558
5893.81 9557
5893.812 9555
5893.814 9554
5893.816 9553
5893.818 9551
5893.82 9550
5893.822 9549
5893.824 9548
5893.826 9548
5893.828 9547
5893.83 9547
5893.832 9546
5893.834 9546
5893.836 9546
5893.838 9547
5893.84 9548
5893.842 9548
5893.844 9548
5893.846 9549
5893.848 9550
5893.85 9551
5893.852 9551
5893.854 9552
5893.856 9553
5893.858 9554
5893.86 9555
5893.862 9556
5893.864 9557
5893.866 9557
5893.868 9558
5893.87 9559
5893.872 9559
5893.874 9560
5893.876 9560
5893.878 9561
5893.88 9561
5893.882 9561
5893.884 9561
5893.886 9562
5893.888 9562
5893.89 9562
5893.892 9562
5893.894 9562
5893.896 9562
5893.898 9562
5893.9 9563
5893.902 9563
5893.904 9563
5893.906 9564
5893.908 9564
5893.91 9565
5893.912 9565
5893.914 9565
5893.916 9567
5893.918 9568
5893.92 9569
5893.922 9569
5893.924 9570
5893.926 9571
5893.928 9572
5893.93 9572
5893.932 9573
5893.934 9574
5893.936 9574
5893.938 9575
5893.94 9576
5893.942 9576
5893.944 9576
5893.946 9577
5893.948 9577
5893.95 9577
5893.952 9577
5893.954 9577
5893.956 9577
5893.958 9576
5893.96 9576
5893.962 9576
5893.964 9575
5893.966 9575
5893.968 9574
5893.97 9573
5893.972 9573
5893.974 9572
5893.976 9571
5893.978 9570
5893.98 9570
5893.982 9569
5893.984 9568
5893.986 9568
5893.988 9567
5893.99 9567
5893.992 9566
5893.994 9566
5893.996 9565
5893.998 9565
5894 9565
5894.002 9565
5894.004 9565
5894.006 9564
5894.008 9564
5894.01 9564
5894.012 9563
5894.014 9563
5894.016 9563
5894.018 9562
5894.02 9562
5894.022 9561
5894.024 9560
5894.026 9559
5894.028 9558
5894.03 9558
5894.032 9557
5894.034 9556
5894.036 9555
5894.038 9554
5894.04 9553
5894.042 9551
5894.044 9550
5894.046 9549
5894.048 9549
5894.05 9547
5894.052 9546
5894.054 9546
5894.056 9545
5894.058 9544
5894.06 9542
5894.062 9542
5894.064 9540
5894.066 9539
5894.068 9538
5894.07 9537
5894.072 9535
5894.074 9534
5894.076 9533
5894.078 9532
5894.08 9531
5894.082 9531
5894.084 9530
5894.086 9529
5894.088 9529
5894.09 9528
5894.092 9528
5894.094 9528
5894.096 9528
5894.098 9527
5894.1 9527
5894.102 9527
5894.104 9527
5894.106 9527
5894.108 9527
5894.11 9528
5894.112 9528
5894.114 9528
5894.116 9528
5894.118 9527
5894.12 9527
5894.122 9527
5894.124 9527
5894.126 9527
5894.128 9526
5894.13 9526
5894.132 9526
5894.134 9526
5894.136 9525
5894.138 9525
5894.14 9524
5894.142 9524
5894.144 9524
5894.146 9523
5894.148 9522
5894.15 9522
5894.152 9522
5894.154 9521
5894.156 9520
5894.158 9520
5894.16 9521
5894.162 9520
5894.164 9520
5894.166 9520
5894.168 9520
5894.17 9520
5894.172 9520
5894.174 9520
5894.176 9520
5894.178 9521
5894.18 9521
5894.182 9521
5894.184 9521
5894.186 9521
5894.188 9522
5894.19 9522
5894.192 9522
5894.194 9522
5894.196 9522
5894.198 9521
5894.2 9521
5894.202 9521
5894.204 9521
5894.206 9520
5894.208 9519
5894.21 9519
5894.212 9519
5894.214 9518
5894.216 9518
5894.218 9518
5894.22 9519
5894.222 9519
5894.224 9519
5894.226 9519
5894.228 9519
5894.23 9519
5894.232 9519
5894.234 9519
5894.236 9520
5894.238 9519
5894.24 9519
5894.242 9519
5894.244 9519
5894.246 9519
5894.248 9518
5894.25 9518
5894.252 9518
5894.254 9518
5894.256 9518
5894.258 9518
5894.26 9518
5894.262 9518
5894.264 9518
5894.266 9518
5894.268 9518
5894.27 9517
5894.272 9517
5894.274 9516
5894.276 9515
5894.278 9514
5894.28 9513
5894.282 9512
5894.284 9511
5894.286 9509
5894.288 9507
5894.29 9506
5894.292 9504
5894.294 9502
5894.296 9500
5894.298 9498
5894.3 9497
5894.302 9495
5894.304 9493
5894.306 9491
5894.308 9490
5894.31 9488
5894.312 9486
5894.314 9484
5894.316 9482
5894.318 9481
5894.32 9479
5894.322 9477
5894.324 9474
5894.326 9472
5894.328 9469
5894.33 9466
5894.332 9463
5894.334 9459
5894.336 9455
5894.338 9452
5894.34 9448
5894.342 9444
5894.344 9439
5894.346 9434
5894.348 9430
5894.35 9425
5894.352 9420
5894.354 9415
5894.356 9411
5894.358 9407
5894.36 9403
5894.362 9400
5894.364 9398
5894.366 9397
5894.368 9396
5894.37 9396
5894.372 9397
5894.374 9398
5894.376 9400
5894.378 9404
5894.38 9408
5894.382 9412
5894.384 9416
5894.386 9420
5894.388 9424
5894.39 9429
5894.392 9433
5894.394 9437
5894.396 9442
5894.398 9445
5894.4 9449
5894.402 9452
5894.404 9455
5894.406 9459
5894.408 9462
5894.41 9464
5894.412 9466
5894.414 9468
5894.416 9470
5894.418 9471
5894.42 9472
5894.422 9473
5894.424 9474
5894.426 9476
5894.428 9476
5894.43 9476
5894.432 9477
5894.434 9477
5894.436 9477
5894.438 9477
5894.44 9476
5894.442 9476
5894.444 9475
5894.446 9475
5894.448 9474
5894.45 9474
5894.452 9473
5894.454 9473
5894.456 9472
5894.458 9471
5894.46 9471
5894.462 9471
5894.464 9471
5894.466 9471
5894.468 9471
5894.47 9471
5894.472 9472
5894.474 9472
5894.476 9472
5894.478 9474
5894.48 9474
5894.482 9474
5894.484 9475
5894.486 9476
5894.488 9476
5894.49 9476
5894.492 9476
5894.494 9476
5894.496 9477
5894.498 9477
5894.5 9477
5894.502 9476
5894.504 9476
5894.506 9476
5894.508 9476
5894.51 9475
5894.512 9474
5894.514 9474
5894.516 9474
5894.518 9473
5894.52 9473
5894.522 9472
5894.524 9472
5894.526 9471
5894.528 9470
5894.53 9470
5894.532 9470
5894.534 9469
5894.536 9468
5894.538 9467
5894.54 9466
5894.542 9465
5894.544 9463
5894.546 9461
5894.548 9460
5894.55 9458
5894.552 9456
5894.554 9454
5894.556 9452
5894.558 9449
5894.56 9448
5894.562 9446
5894.564 9444
5894.566 9443
5894.568 9442
5894.57 9441
5894.572 9440
5894.574 9440
5894.576 9439
5894.578 9439
5894.58 9438
5894.582 9437
5894.584 9436
5894.586 9436
5894.588 9436
5894.59 9435
5894.592 9434
5894.594 9433
5894.596 9432
5894.598 9430
5894.6 9429
5894.602 9427
5894.604 9426
5894.606 9424
5894.608 9423
5894.61 9421
5894.612 9420
5894.614 9418
5894.616 9416
5894.618 9415
5894.62 9413
5894.622 9412
5894.624 9410
5894.626 9409
5894.628 9408
5894.63 9407
5894.632 9406
5894.634 9405
5894.636 9405
5894.638 9404
5894.64 9404
5894.642 9404
5894.644 9404
5894.646 9404
5894.648 9404
5894.65 9403
5894.652 9403
5894.654 9403
5894.656 9402
5894.658 9401
5894.66 9401
5894.662 9400
5894.664 9399
5894.666 9399
5894.668 9398
5894.67 9397
5894.672 9397
5894.674 9396
5894.676 9395
5894.678 9394
5894.68 9394
5894.682 9393
5894.684 9393
5894.686 9393
5894.688 9392
5894.69 9392
5894.692 9391
5894.694 9391
5894.696 9391
5894.698 9391
5894.7 9391
5894.702 9391
5894.704 9390
5894.706 9390
5894.708 9389
5894.71 9389
5894.712 9389
5894.714 9389
5894.716 9388
5894.718 9387
5894.72 9387
5894.722 9386
5894.724 9386
5894.726 9385
5894.728 9384
5894.73 9383
5894.732 9382
5894.734 9381
5894.736 9380
5894.738 9379
5894.74 9378
5894.742 9377
5894.744 9376
5894.746 9374
5894.748 9372
5894.75 9371
5894.752 9370
5894.754 9369
5894.756 9368
5894.758 9367
5894.76 9366
5894.762 9364
5894.764 9362
5894.766 9361
5894.768 9359
5894.77 9357
5894.772 9356
5894.774 9354
5894.776 9353
5894.778 9351
5894.78 9349
5894.782 9348
5894.784 9346
5894.786 9345
5894.788 9343
5894.79 9341
5894.792 9340
5894.794 9339
5894.796 9337
5894.798 9335
5894.8 9334
5894.802 9332
5894.804 9330
5894.806 9328
5894.808 9326
5894.81 9324
5894.812 9322
5894.814 9320
5894.816 9318
5894.818 9315
5894.82 9313
5894.822 9310
5894.824 9307
5894.826 9304
5894.828 9301
5894.83 9298
5894.832 9295
5894.834 9292
5894.836 9289
5894.838 9286
5894.84 9282
5894.842 9279
5894.844 9276
5894.846 9272
5894.848 9268
5894.85 9264
5894.852 9260
5894.854 9256
5894.856 9251
5894.858 9247
5894.86 9243
5894.862 9238
5894.864 9234
5894.866 9229
5894.868 9224
5894.87 9220
5894.872 9215
5894.874 9211
5894.876 9206
5894.878 9201
5894.88 9197
5894.882 9192
5894.884 9187
5894.886 9182
5894.888 9177
5894.89 9172
5894.892 9166
5894.894 9160
5894.896 9155
5894.898 9149
5894.9 9143
5894.902 9137
5894.904 9131
5894.906 9125
5894.908 9119
5894.91 9113
5894.912 9107
5894.914 9102
5894.916 9098
5894.918 9094
5894.92 9090
5894.922 9086
5894.924 9084
5894.926 9082
5894.928 9081
5894.93 9080
5894.932 9080
5894.934 9080
5894.936 9081
5894.938 9082
5894.94 9085
5894.942 9087
5894.944 9089
5894.946 9092
5894.948 9096
5894.95 9099
5894.952 9102
5894.954 9106
5894.956 9109
5894.958 9112
5894.96 9115
5894.962 9118
5894.964 9121
5894.966 9123
5894.968 9125
5894.97 9128
5894.972 9129
5894.974 9131
5894.976 9132
5894.978 9133
5894.98 9135
5894.982 9135
5894.984 9136
5894.986 9137
5894.988 9137
5894.99 9138
5894.992 9139
5894.994 9140
5894.996 9141
5894.998 9141
5895 9142
5895.002 9144
5895.004 9145
5895.006 9147
5895.008 9147
5895.01 9149
5895.012 9150
5895.014 9151
5895.016 9151
5895.018 9151
5895.02 9152
5895.022 9152
5895.024 9152
5895.026 9152
5895.028 9151
5895.03 9149
5895.032 9149
5895.034 9149
5895.036 9148
5895.038 9148
5895.04 9147
5895.042 9147
5895.044 9146
5895.046 9146
5895.048 9144
5895.05 9143
5895.052 9141
5895.054 9140
5895.056 9138
5895.058 9136
5895.06 9134
5895.062 9131
5895.064 9128
5895.066 9124
5895.068 9120
5895.07 9115
5895.072 9111
5895.074 9107
5895.076 9102
5895.078 9096
5895.08 9090
5895.082 9084
5895.084 9079
5895.086 9073
5895.088 9066
5895.09 9060
5895.092 9053
5895.094 9046
5895.096 9040
5895.098 9033
5895.1 9027
5895.102 9020
5895.104 9013
5895.106 9007
5895.108 9001
5895.11 8995
5895.112 8989
5895.114 8983
5895.116 8978
5895.118 8974
5895.12 8970
5895.122 8966
5895.124 8962
5895.126 8959
5895.128 8956
5895.13 8953
5895.132 8952
5895.134 8950
5895.136 8949
5895.138 8949
5895.14 8948
5895.142 8948
5895.144 8948
5895.146 8948
5895.148 8948
5895.15 8948
5895.152 8949
5895.154 8948
5895.156 8949
5895.158 8949
5895.16 8949
5895.162 8950
5895.164 8949
5895.166 8949
5895.168 8948
5895.17 8948
5895.172 8948
5895.174 8948
5895.176 8947
5895.178 8947
5895.18 8947
5895.182 8947
5895.184 8946
5895.186 8946
5895.188 8946
5895.19 8945
5895.192 8945
5895.194 8943
5895.196 8943
5895.198 8942
5895.2 8942
5895.202 8941
5895.204 8940
5895.206 8939
5895.208 8937
5895.21 8936
5895.212 8934
5895.214 8933
5895.216 8931
5895.218 8928
5895.22 8926
5895.222 8924
5895.224 8921
5895.226 8919
5895.228 8917
5895.23 8914
5895.232 8912
5895.234 8909
5895.236 8906
5895.238 8903
5895.24 8899
5895.242 8896
5895.244 8893
5895.246 8888
5895.248 8885
5895.25 8881
5895.252 8877
5895.254 8872
5895.256 8869
5895.258 8865
5895.26 8860
5895.262 8857
5895.264 8852
5895.266 8849
5895.268 8844
5895.27 8840
5895.272 8837
5895.274 8832
5895.276 8828
5895.278 8824
5895.28 8821
5895.282 8816
5895.284 8812
5895.286 8808
5895.288 8805
5895.29 8800
5895.292 8797
5895.294 8793
5895.296 8789
5895.298 8785
5895.3 8780
5895.302 8777
5895.304 8772
5895.306 8767
5895.308 8762
5895.31 8759
5895.312 8754
5895.314 8748
5895.316 8743
5895.318 8738
5895.32 8732
5895.322 8727
5895.324 8721
5895.326 8715
5895.328 8710
5895.33 8704
5895.332 8699
5895.334 8692
5895.336 8685
5895.338 8679
5895.34 8673
5895.342 8667
5895.344 8661
5895.346 8655
5895.348 8647
5895.35 8641
5895.352 8634
5895.354 8625
5895.356 8618
5895.358 8611
5895.36 8602
5895.362 8595
5895.364 8586
5895.366 8577
5895.368 8569
5895.37 8560
5895.372 8551
5895.374 8544
5895.376 8536
5895.378 8527
5895.38 8520
5895.382 8513
5895.384 8505
5895.386 8498
5895.388 8492
5895.39 8484
5895.392 8477
5895.394 8471
5895.396 8463
5895.398 8457
5895.4 8449
5895.402 8442
5895.404 8435
5895.406 8427
5895.408 8420
5895.41 8412
5895.412 8403
5895.414 8395
5895.416 8386
5895.418 8376
5895.42 8368
5895.422 8359
5895.424 8351
5895.426 8341
5895.428 8332
5895.43 8324
5895.432 8314
5895.434 8304
5895.436 8296
5895.438 8287
5895.44 8276
5895.442 8267
5895.444 8256
5895.446 8246
5895.448 8236
5895.45 8225
5895.452 8213
5895.454 8202
5895.456 8191
5895.458 8176
5895.46 8164
5895.462 8153
5895.464 8139
5895.466 8124
5895.468 8112
5895.47 8100
5895.472 8088
5895.474 8074
5895.476 8062
5895.478 8050
5895.48 8038
5895.482 8025
5895.484 8012
5895.486 8000
5895.488 7988
5895.49 7974
5895.492 7962
5895.494 7949
5895.496 7935
5895.498 7922
5895.5 7907
5895.502 7893
5895.504 7879
5895.506 7862
5895.508 7847
5895.51 7832
5895.512 7815
5895.514 7801
5895.516 7785
5895.518 7769
5895.52 7753
5895.522 7737
5895.524 7721
5895.526 7707
5895.528 7691
5895.53 7675
5895.532 7658
5895.534 7642
5895.536 7624
5895.538 7606
5895.54 7589
5895.542 7572
5895.544 7554
5895.546 7536
5895.548 7516
5895.55 7496
5895.552 7477
5895.554 7458
5895.556 7439
5895.558 7420
5895.56 7401
5895.562 7383
5895.564 7364
5895.566 7346
5895.568 7328
5895.57 7310
5895.572 7293
5895.574 7274
5895.576 7255
5895.578 7236
5895.58 7216
5895.582 7196
5895.584 7175
5895.586 7153
5895.588 7130
5895.59 7104
5895.592 7080
5895.594 7055
5895.596 7030
5895.598 7005
5895.6 6979
5895.602 6953
5895.604 6928
5895.606 6903
5895.608 6877
5895.61 6851
5895.612 6826
5895.614 6801
5895.616 6777
5895.618 6754
5895.62 6731
5895.622 6708
5895.624 6684
5895.626 6658
5895.628 6631
5895.63 6604
5895.632 6578
5895.634 6550
5895.636 6522
5895.638 6494
5895.64 6466
5895.642 6437
5895.644 6408
5895.646 6380
5895.648 6349
5895.65 6319
5895.652 6290
5895.654 6260
5895.656 6229
5895.658 6199
5895.66 6168
5895.662 6139
5895.664 6110
5895.666 6080
5895.668 6050
5895.67 6019
5895.672 5989
5895.674 5957
5895.676 5923
5895.678 5890
5895.68 5857
5895.682 5824
5895.684 5793
5895.686 5762
5895.688 5730
5895.69 5699
5895.692 5666
5895.694 5631
5895.696 5595
5895.698 5562
5895.7 5529
5895.702 5497
5895.704 5463
5895.706 5431
5895.708 5399
5895.71 5366
5895.712 5332
5895.714 5300
5895.716 5266
5895.718 5231
5895.72 5198
5895.722 5158
5895.724 5119
5895.726 5083
5895.728 5046
5895.73 5010
5895.732 4976
5895.734 4940
5895.736 4906
5895.738 4869
5895.74 4835
5895.742 4800
5895.744 4766
5895.746 4730
5895.748 4694
5895.75 4658
5895.752 4620
5895.754 4581
5895.756 4542
5895.758 4504
5895.76 4465
5895.762 4426
5895.764 4386
5895.766 4341
5895.768 4296
5895.77 4252
5895.772 4209
5895.774 4166
5895.776 4122
5895.778 4078
5895.78 4031
5895.782 3984
5895.784 3935
5895.786 3885
5895.788 3833
5895.79 3778
5895.792 3721
5895.794 3660
5895.796 3596
5895.798 3533
5895.8 3466
5895.802 3396
5895.804 3325
5895.806 3252
5895.808 3176
5895.81 3098
5895.812 3014
5895.814 2930
5895.816 2844
5895.818 2760
5895.82 2673
5895.822 2585
5895.824 2498
5895.826 2408
5895.828 2318
5895.83 2226
5895.832 2134
5895.834 2041
5895.836 1952
5895.838 1865
5895.84 1783
5895.842 1704
5895.844 1629
5895.846 1554
5895.848 1482
5895.85 1412
5895.852 1344
5895.854 1282
5895.856 1221
5895.858 1162
5895.86 1107
5895.862 1055
5895.864 1006
5895.866 964
5895.868 925
5895.87 888
5895.872 851
5895.874 817
5895.876 787
5895.878 758
5895.88 732
5895.882 712
5895.884 691
5895.886 671
5895.888 654
5895.89 636
5895.892 620
5895.894 607
5895.896 592
5895.898 581
5895.9 569
5895.902 558
5895.904 549
5895.906 542
5895.908 534
5895.91 527
5895.912 521
5895.914 516
5895.916 513
5895.918 508
5895.92 505
5895.922 503
5895.924 501
5895.926 500
5895.928 500
5895.93 500
5895.932 501
5895.934 504
5895.936 506
5895.938 509
5895.94 513
5895.942 517
5895.944 524
5895.946 529
5895.948 537
5895.95 545
5895.952 554
5895.954 562
5895.956 573
5895.958 583
5895.96 594
5895.962 610
5895.964 624
5895.966 642
5895.968 659
5895.97 678
5895.972 696
5895.974 719
5895.976 742
5895.978 769
5895.98 799
5895.982 832
5895.984 865
5895.986 903
5895.988 941
5895.99 982
5895.992 1031
5895.994 1082
5895.996 1136
5895.998 1191
5896 1252
5896.002 1314
5896.004 1382
5896.006 1452
5896.008 1526
5896.01 1603
5896.012 1689
5896.014 1775
5896.016 1864
5896.018 1957
5896.02 2053
5896.022 2150
5896.024 2246
5896.026 2339
5896.028 2431
5896.03 2523
5896.032 2616
5896.034 2710
5896.036 2802
5896.038 2892
5896.04 2979
5896.042 3063
5896.044 3145
5896.046 3224
5896.048 3299
5896.05 3370
5896.052 3440
5896.054 3507
5896.056 3576
5896.058 3644
5896.06 3710
5896.062 3772
5896.064 3832
5896.066 3892
5896.068 3950
5896.07 4003
5896.072 4054
5896.074 4104
5896.076 4154
5896.078 4205
5896.08 4257
5896.082 4307
5896.084 4356
5896.086 4402
5896.088 4446
5896.09 4489
5896.092 4533
5896.094 4577
5896.096 4622
5896.098 4670
5896.1 4717
5896.102 4760
5896.104 4798
5896.106 4838
5896.108 4876
5896.11 4914
5896.112 4954
5896.114 4992
5896.116 5031
5896.118 5071
5896.12 5110
5896.122 5148
5896.124 5187
5896.126 5225
5896.128 5263
5896.13 5303
5896.132 5342
5896.134 5380
5896.136 5417
5896.138 5454
5896.14 5490
5896.142 5524
5896.144 5560
5896.146 5593
5896.148 5626
5896.15 5660
5896.152 5691
5896.154 5722
5896.156 5753
5896.158 5785
5896.16 5816
5896.162 5848
5896.164 5881
5896.166 5915
5896.168 5946
5896.17 5979
5896.172 6010
5896.174 6043
5896.176 6073
5896.178 6106
5896.18 6137
5896.182 6167
5896.184 6197
5896.186 6226
5896.188 6255
5896.19 6283
5896.192 6311
5896.194 6339
5896.196 6366
5896.198 6393
5896.2 6420
5896.202 6444
5896.204 6470
5896.206 6496
5896.208 6520
5896.21 6546
5896.212 6573
5896.214 6600
5896.216 6627
5896.218 6657
5896.22 6683
5896.222 6709
5896.224 6736
5896.226 6761
5896.228 6785
5896.23 6809
5896.232 6832
5896.234 6855
5896.236 6876
5896.238 6897
5896.24 6918
5896.242 6938
5896.244 6959
5896.246 6980
5896.248 7000
5896.25 7019
5896.252 7039
5896.254 7058
5896.256 7078
5896.258 7097
5896.26 7118
5896.262 7139
5896.264 7159
5896.266 7178
5896.268 7197
5896.27 7215
5896.272 7234
5896.274 7252
5896.276 7271
5896.278 7289
5896.28 7306
5896.282 7323
5896.284 7341
5896.286 7358
5896.288 7375
5896.29 7394
5896.292 7411
5896.294 7427
5896.296 7444
5896.298 7461
5896.3 7476
5896.302 7493
5896.304 7508
5896.306 7523
5896.308 7538
5896.31 7552
5896.312 7566
5896.314 7580
5896.316 7593
5896.318 7605
5896.32 7618
5896.322 7631
5896.324 7643
5896.326 7655
5896.328 7667
5896.33 7678
5896.332 7689
5896.334 7701
5896.336 7712
5896.338 7722
5896.34 7733
5896.342 7743
5896.344 7752
5896.346 7761
5896.348 7771
5896.35 7779
5896.352 7788
5896.354 7796
5896.356 7804
5896.358 7812
5896.36 7819
5896.362 7827
5896.364 7834
5896.366 7841
5896.368 7849
5896.37 7856
5896.372 7863
5896.374 7869
5896.376 7877
5896.378 7883
5896.38 7890
5896.382 7897
5896.384 7904
5896.386 7909
5896.388 7917
5896.39 7924
5896.392 7931
5896.394 7938
5896.396 7946
5896.398 7954
5896.4 7962
5896.402 7970
5896.404 7978
5896.406 7987
5896.408 7995
5896.41 8005
5896.412 8014
5896.414 8024
5896.416 8032
5896.418 8042
5896.42 8051
5896.422 8060
5896.424 8069
5896.426 8077
5896.428 8085
5896.43 8093
5896.432 8103
5896.434 8111
5896.436 8119
5896.438 8128
5896.44 8135
5896.442 8142
5896.444 8150
5896.446 8157
5896.448 8164
5896.45 8170
5896.452 8176
5896.454 8183
5896.456 8190
5896.458 8196
5896.46 8202
5896.462 8208
5896.464 8214
5896.466 8221
5896.468 8228
5896.47 8234
5896.472 8240
5896.474 8248
5896.476 8257
5896.478 8266
5896.48 8277
5896.482 8285
5896.484 8293
5896.486 8307
5896.488 8326
5896.49 8344
5896.492 8362
5896.494 8378
5896.496 8396
5896.498 8413
5896.5 8429
5896.502 8444
5896.504 8459
5896.506 8472
5896.508 8485
5896.51 8498
5896.512 8510
5896.514 8522
5896.516 8534
5896.518 8546
5896.52 8557
5896.522 8568
5896.524 8578
5896.526 8587
5896.528 8597
5896.53 8607
5896.532 8616
5896.534 8625
5896.536 8634
5896.538 8641
5896.54 8650
5896.542 8659
5896.544 8666
5896.546 8674
5896.548 8682
5896.55 8689
5896.552 8697
5896.554 8705
5896.556 8713
5896.558 8721
5896.56 8729
5896.562 8737
5896.564 8745
5896.566 8752
5896.568 8759
5896.57 8767
5896.572 8776
5896.574 8784
5896.576 8790
5896.578 8796
5896.58 8803
5896.582 8810
5896.584 8817
5896.586 8823
5896.588 8829
5896.59 8835
5896.592 8841
5896.594 8846
5896.596 8852
5896.598 8858
5896.6 8863
5896.602 8867
5896.604 8873
5896.606 8878
5896.608 8882
5896.61 8886
5896.612 8891
5896.614 8896
5896.616 8900
5896.618 8904
5896.62 8908
5896.622 8913
5896.624 8917
5896.626 8920
5896.628 8925
5896.63 8930
5896.632 8934
5896.634 8938
5896.636 8944
5896.638 8948
5896.64 8953
5896.642 8958
5896.644 8962
5896.646 8967
5896.648 8971
5896.65 8975
5896.652 8980
5896.654 8984
5896.656 8988
5896.658 8991
5896.66 8994
5896.662 8997
5896.664 9000
5896.666 9003
5896.668 9006
5896.67 9009
5896.672 9012
5896.674 9014
5896.676 9016
5896.678 9019
5896.68 9022
5896.682 9025
5896.684 9028
5896.686 9031
5896.688 9034
5896.69 9036
5896.692 9039
5896.694 9040
5896.696 9042
5896.698 9045
5896.7 9047
5896.702 9049
5896.704 9050
5896.706 9052
5896.708 9053
5896.71 9054
5896.712 9055
5896.714 9056
5896.716 9055
5896.718 9057
5896.72 9058
5896.722 9058
5896.724 9058
5896.726 9059
5896.728 9059
5896.73 9061
5896.732 9061
5896.734 9062
5896.736 9064
5896.738 9065
5896.74 9066
5896.742 9068
5896.744 9069
5896.746 9071
5896.748 9073
5896.75 9075
5896.752 9076
5896.754 9078
5896.756 9079
5896.758 9080
5896.76 9080
5896.762 9082
5896.764 9082
5896.766 9082
5896.768 9081
5896.77 9080
5896.772 9078
5896.774 9077
5896.776 9074
5896.778 9071
5896.78 9066
5896.782 9060
5896.784 9055
5896.786 9049
5896.788 9042
5896.79 9035
5896.792 9027
5896.794 9019
5896.796 9010
5896.798 9000
5896.8 8990
5896.802 8981
5896.804 8974
5896.806 8969
5896.808 8965
5896.81 8963
5896.812 8963
5896.814 8964
5896.816 8968
5896.818 8973
5896.82 8980
5896.822 8986
5896.824 8997
5896.826 9014
5896.828 9031
5896.83 9046
5896.832 9060
5896.834 9074
5896.836 9086
5896.838 9098
5896.84 9110
5896.842 9121
5896.844 9132
5896.846 9142
5896.848 9152
5896.85 9162
5896.852 9170
5896.854 9178
5896.856 9186
5896.858 9195
5896.86 9202
5896.862 9209
5896.864 9217
5896.866 9224
5896.868 9229
5896.87 9234
5896.872 9240
5896.874 9244
5896.876 9248
5896.878 9252
5896.88 9256
5896.882 9259
5896.884 9262
5896.886 9264
5896.888 9266
5896.89 9269
5896.892 9271
5896.894 9273
5896.896 9274
5896.898 9276
5896.9 9277
5896.902 9279
5896.904 9281
5896.906 9283
5896.908 9285
5896.91 9287
5896.912 9289
5896.914 9291
5896.916 9293
5896.918 9295
5896.92 9297
5896.922 9299
5896.924 9300
5896.926 9303
5896.928 9305
5896.93 9306
5896.932 9308
5896.934 9310
5896.936 9311
5896.938 9313
5896.94 9314
5896.942 9315
5896.944 9315
5896.946 9317
5896.948 9318
5896.95 9319
5896.952 9320
5896.954 9320
5896.956 9320
5896.958 9321
5896.96 9321
5896.962 9321
5896.964 9322
5896.966 9322
5896.968 9321
5896.97 9322
5896.972 9321
5896.974 9320
5896.976 9320
5896.978 9319
5896.98 9318
5896.982 9318
5896.984 9317
5896.986 9316
5896.988 9316
5896.99 9315
5896.992 9315
5896.994 9315
5896.996 9315
5896.998 9316
5897 9317
5897.002 9317
5897.004 9318
5897.006 9319
5897.008 9320
5897.01 9321
5897.012 9321
5897.014 9323
5897.016 9324
5897.018 9324
5897.02 9325
5897.022 9325
5897.024 9326
5897.026 9325
5897.028 9325
5897.03 9325
5897.032 9324
5897.034 9323
5897.036 9323
5897.038 9322
5897.04 9321
5897.042 9320
5897.044 9319
5897.046 9318
5897.048 9318
5897.05 9317
5897.052 9316
5897.054 9315
5897.056 9315
5897.058 9314
5897.06 9314
5897.062 9313
5897.064 9312
5897.066 9312
5897.068 9312
5897.07 9311
5897.072 9311
5897.074 9311
5897.076 9311
5897.078 9311
5897.08 9311
5897.082 9310
5897.084 9310
5897.086 9309
5897.088 9309
5897.09 9308
5897.092 9306
5897.094 9304
5897.096 9303
5897.098 9301
5897.1 9298
5897.102 9295
5897.104 9292
5897.106 9289
5897.108 9285
5897.11 9281
5897.112 9277
5897.114 9273
5897.116 9269
5897.118 9265
5897.12 9260
5897.122 9256
5897.124 9252
5897.126 9248
5897.128 9244
5897.13 9239
5897.132 9235
5897.134 9230
5897.136 9226
5897.138 9222
5897.14 9217
5897.142 9212
5897.144 9207
5897.146 9203
5897.148 9198
5897.15 9193
5897.152 9188
5897.154 9183
5897.156 9177
5897.158 9172
5897.16 9166
5897.162 9161
5897.164 9155
5897.166 9149
5897.168 9143
5897.17 9137
5897.172 9130
5897.174 9124
5897.176 9117
5897.178 9110
5897.18 9103
5897.182 9095
5897.184 9088
5897.186 9080
5897.188 9072
5897.19 9064
5897.192 9055
5897.194 9046
5897.196 9038
5897.198 9029
5897.2 9019
5897.202 9010
5897.204 9001
5897.206 8992
5897.208 8983
5897.21 8975
5897.212 8967
5897.214 8959
5897.216 8952
5897.218 8946
5897.22 8941
5897.222 8936
5897.224 8930
5897.226 8926
5897.228 8922
5897.23 8917
5897.232 8915
5897.234 8914
5897.236 8913
5897.238 8913
5897.24 8915
5897.242 8917
5897.244 8919
5897.246 8922
5897.248 8926
5897.25 8930
5897.252 8935
5897.254 8940
5897.256 8946
5897.258 8953
5897.26 8960
5897.262 8967
5897.264 8974
5897.266 8981
5897.268 8989
5897.27 8997
5897.272 9006
5897.274 9015
5897.276 9025
5897.278 9035
5897.28 9044
5897.282 9054
5897.284 9063
5897.286 9072
5897.288 9082
5897.29 9092
5897.292 9102
5897.294 9112
5897.296 9123
5897.298 9132
5897.3 9142
5897.302 9152
5897.304 9162
5897.306 9171
5897.308 9181
5897.31 9190
5897.312 9198
5897.314 9207
5897.316 9215
5897.318 9223
5897.32 9230
5897.322 9238
5897.324 9245
5897.326 9252
5897.328 9258
5897.33 9265
5897.332 9271
5897.334 9278
5897.336 9284
5897.338 9289
5897.34 9295
5897.342 9300
5897.344 9305
5897.346 9310
5897.348 9314
5897.35 9318
5897.352 9322
5897.354 9326
5897.356 9329
5897.358 9332
5897.36 9335
5897.362 9338
5897.364 9341
5897.366 9344
5897.368 9347
5897.37 9350
5897.372 9354
5897.374 9356
5897.376 9359
5897.378 9362
5897.38 9365
5897.382 9367
5897.384 9370
5897.386 9373
5897.388 9376
5897.39 9377
5897.392 9379
5897.394 9380
5897.396 9381
5897.398 9382
5897.4 9382
5897.402 9382
5897.404 9382
5897.406 9381
5897.408 9380
5897.41 9379
5897.412 9377
5897.414 9373
5897.416 9370
5897.418 9368
5897.42 9366
5897.422 9364
5897.424 9361
5897.426 9358
5897.428 9356
5897.43 9352
5897.432 9349
5897.434 9347
5897.436 9344
5897.438 9342
5897.44 9339
5897.442 9337
5897.444 9335
5897.446 9334
5897.448 9333
5897.45 9332
5897.452 9332
5897.454 9332
5897.456 9333
5897.458 9333
5897.46 9334
5897.462 9334
5897.464 9336
5897.466 9337
5897.468 9338
5897.47 9338
5897.472 9339
5897.474 9340
5897.476 9341
5897.478 9341
5897.48 9342
5897.482 9342
5897.484 9341
5897.486 9341
5897.488 9341
5897.49 9340
5897.492 9339
5897.494 9338
5897.496 9338
5897.498 9337
5897.5 9336
5897.502 9335
5897.504 9334
5897.506 9332
5897.508 9331
5897.51 9330
5897.512 9329
5897.514 9328
5897.516 9327
5897.518 9326
5897.52 9326
5897.522 9325
5897.524 9325
5897.526 9325
5897.528 9324
5897.53 9324
5897.532 9325
5897.534 9326
5897.536 9327
5897.538 9328
5897.54 9330
5897.542 9333
5897.544 9335
5897.546 9338
5897.548 9341
5897.55 9345
5897.552 9348
5897.554 9354
5897.556 9358
5897.558 9362
5897.56 9367
5897.562 9372
5897.564 9378
5897.566 9383
5897.568 9388
5897.57 9393
5897.572 9399
5897.574 9404
5897.576 9409
5897.578 9415
5897.58 9420
5897.582 9425
5897.584 9431
5897.586 9436
5897.588 9441
5897.59 9447
5897.592 9452
5897.594 9457
5897.596 9462
5897.598 9467
5897.6 9472
5897.602 9476
5897.604 9481
5897.606 9485
5897.608 9489
5897.61 9493
5897.612 9497
5897.614 9501
5897.616 9505
5897.618 9508
5897.62 9512
5897.622 9515
5897.624 9519
5897.626 9523
5897.628 9525
5897.63 9528
5897.632 9531
5897.634 9534
5897.636 9536
5897.638 9539
5897.64 9542
5897.642 9544
5897.644 9546
5897.646 9548
5897.648 9550
5897.65 9552
5897.652 9553
5897.654 9554
5897.656 9556
5897.658 9557
5897.66 9559
5897.662 9560
5897.664 9560
5897.666 9562
5897.668 9563
5897.67 9564
5897.672 9564
5897.674 9565
5897.676 9565
5897.678 9565
5897.68 9565
5897.682 9566
5897.684 9565
5897.686 9564
5897.688 9564
5897.69 9563
5897.692 9562
5897.694 9562
5897.696 9561
5897.698 9560
5897.7 9559
5897.702 9558
5897.704 9556
5897.706 9555
5897.708 9554
5897.71 9552
5897.712 9551
5897.714 9550
5897.716 9548
5897.718 9547
5897.72 9545
5897.722 9544
5897.724 9542
5897.726 9541
5897.728 9541
5897.73 9541
5897.732 9541
5897.734 9541
5897.736 9541
5897.738 9542
5897.74 9544
5897.742 9546
5897.744 9547
5897.746 9549
5897.748 9552
5897.75 9554
5897.752 9556
5897.754 9558
5897.756 9561
5897.758 9563
5897.76 9565
5897.762 9567
5897.764 9569
5897.766 9571
5897.768 9574
5897.77 9576
5897.772 9577
5897.774 9579
5897.776 9580
5897.778 9582
5897.78 9583
5897.782 9585
5897.784 9586
5897.786 9587
5897.788 9588
5897.79 9590
5897.792 9592
5897.794 9594
5897.796 9595
5897.798 9597
5897.8 9598
5897.802 9600
5897.804 9601
5897.806 9603
5897.808 9604
5897.81 9606
5897.812 9608
5897.814 9609
5897.816 9610
5897.818 9612
5897.82 9613
5897.822 9614
5897.824 9615
5897.826 9616
5897.828 9617
5897.83 9618
5897.832 9618
5897.834 9619
5897.836 9620
5897.838 9621
5897.84 9621
5897.842 9623
5897.844 9624
5897.846 9626
5897.848 9627
5897.85 9628
5897.852 9629
5897.854 9631
5897.856 9631
5897.858 9632
5897.86 9633
5897.862 9632
5897.864 9632
5897.866 9632
5897.868 9631
5897.87 9630
5897.872 9629
5897.874 9628
5897.876 9626
5897.878 9623
5897.88 9621
5897.882 9619
5897.884 9617
5897.886 9614
5897.888 9611
5897.89 9608
5897.892 9605
5897.894 9602
5897.896 9600
5897.898 9596
5897.9 9594
5897.902 9591
5897.904 9589
5897.906 9587
5897.908 9586
5897.91 9585
5897.912 9584
5897.914 9584
5897.916 9585
5897.918 9585
5897.92 9587
5897.922 9588
5897.924 9590
5897.926 9591
5897.928 9594
5897.93 9596
5897.932 9598
5897.934 9600
5897.936 9602
5897.938 9604
5897.94 9607
5897.942 9609
5897.944 9610
5897.946 9612
5897.948 9614
5897.95 9616
5897.952 9618
5897.954 9619
5897.956 9619
5897.958 9621
5897.96 9622
5897.962 9622
5897.964 9623
5897.966 9624
5897.968 9624
5897.97 9626
5897.972 9626
5897.974 9627
5897.976 9628
5897.978 9628
5897.98 9629
5897.982 9630
5897.984 9630
5897.986 9631
5897.988 9631
5897.99 9632
5897.992 9632
5897.994 9634
5897.996 9635
5897.998 9637
5898 9638
